#	alien-11-0-0	alien-11-2-0	alien-11-60-0	alien-11-7-0	scavenger-11-392-0	scavenger-11-0-0	scavenger-11-7-0	scavenger-11-60-0	daisy-11-0-0	daisy-11-2-0	daisy-11-7-0	daisy-11-60-0	peacemaker-11-0-0	peacemaker-11-7-0	peacemaker-11-60-0	peacemaker-11-2-0	peacemaker-11-392-1	peacemaker-11-600-0	peacemaker-11-392-3	peacemaker-11-773-0	tigress-11-0-0	tigress-11-7-0	tigress-11-60-0	tigress-11-2-0	halbarad-11-0-0	halbarad-11-2-0	halbarad-11-7-0	halbarad-11-392-0	peacemaker-11-392-2	scavenger-11-2-0	alien-11-392-1	alien-11-392-3	alien-11-392-2	alien-11-600-0	alien-11-637-0	alien-11-630-0	alien-11-632-0	alien-11-773-0	bugkiller-11-0-0	bugkiller-11-60-0	bugkiller-11-392-2	bugkiller-11-392-1	bugkiller-11-773-0	bugkiller-11-392-3	bugkiller-11-600-0	bugkiller-11-7-0	bugkiller-11-2-0	alien-11-376-0	alien-11-377-0	alien-11-378-0	alien-11-380-0
alien-11-0-0	0.0000	0.1452	0.3126	0.3370	0.4745	0.5422	0.5764	0.6275	0.5880	0.5938	0.6580	0.5493	0.5650	0.5635	0.5216	0.5602	0.5427	0.5440	0.5836	0.5775	0.5803	0.5586	0.5896	0.6689	0.6330	0.6850	0.7066	0.6901	0.7508	0.7532	0.8492	0.8409	0.8312	0.6606	0.6218	0.6297	0.6387	0.5636	0.7136	0.7613	0.7548	0.8265	0.6389	0.8974	0.7794	0.7287	0.7679	0.9551	0.9406	0.9505	0.9482
alien-11-2-0	0.1452	0.0000	0.2784	0.3725	0.4641	0.5262	0.5792	0.6069	0.5782	0.5970	0.6470	0.5631	0.5889	0.5630	0.5134	0.5618	0.5347	0.5223	0.5573	0.5707	0.5526	0.5263	0.5492	0.6513	0.6367	0.6942	0.6997	0.6810	0.7374	0.7422	0.8423	0.8346	0.8243	0.6422	0.5872	0.6004	0.6139	0.5586	0.7133	0.7553	0.7504	0.8233	0.6149	0.8911	0.7714	0.7098	0.7685	0.9614	0.9443	0.9539	0.9514
alien-11-60-0	0.3126	0.2784	0.0000	0.4304	0.5037	0.4730	0.5649	0.4907	0.5772	0.6455	0.6789	0.6108	0.5613	0.5370	0.4713	0.5167	0.5670	0.5640	0.6379	0.5164	0.6268	0.5891	0.6418	0.7163	0.6331	0.6941	0.6679	0.6660	0.7701	0.7452	0.7806	0.7695	0.7542	0.5419	0.5273	0.5704	0.6150	0.6020	0.6998	0.7705	0.7479	0.7968	0.6741	0.8846	0.7835	0.7195	0.7212	0.9695	0.9608	0.9669	0.9655
alien-11-7-0	0.3370	0.3725	0.4304	0.0000	0.6301	0.5022	0.4678	0.6423	0.6431	0.6851	0.7461	0.6236	0.5053	0.5318	0.5400	0.5785	0.5961	0.6206	0.6133	0.6110	0.5785	0.5788	0.6066	0.7461	0.6411	0.7322	0.6152	0.7442	0.8236	0.8440	0.8081	0.7998	0.7964	0.6338	0.5753	0.6089	0.6901	0.6160	0.7630	0.8164	0.7966	0.8466	0.6548	0.9139	0.8214	0.6893	0.7378	0.9674	0.9292	0.9366	0.9363
scavenger-11-392-0	0.4745	0.4641	0.5037	0.6301	0.0000	0.5937	0.6520	0.5998	0.5865	0.5714	0.6213	0.5767	0.6775	0.6642	0.5794	0.6276	0.5405	0.5153	0.5732	0.5611	0.5866	0.5669	0.5942	0.6173	0.6835	0.6989	0.7569	0.6823	0.6806	0.5908	0.8934	0.8841	0.8767	0.7284	0.7037	0.7260	0.7233	0.6267	0.7272	0.7753	0.7584	0.8231	0.6762	0.8804	0.7442	0.7864	0.7763	0.9766	0.9844	0.9870	0.9847
scavenger-11-0-0	0.5422	0.5262	0.4730	0.5022	0.5937	0.0000	0.2884	0.3912	0.6674	0.7379	0.7801	0.7156	0.5476	0.5162	0.5245	0.5803	0.6620	0.6522	0.6548	0.6168	0.5765	0.5770	0.6150	0.7569	0.6022	0.7004	0.5802	0.6901	0.8469	0.8066	0.8157	0.8075	0.8097	0.6668	0.6390	0.6986	0.7348	0.6547	0.7729	0.8170	0.8140	0.8511	0.6884	0.9201	0.8446	0.6879	0.7260	0.9882	0.9802	0.9814	0.9773
scavenger-11-7-0	0.5764	0.5792	0.5649	0.4678	0.6520	0.2884	0.0000	0.4251	0.7080	0.7584	0.8099	0.7113	0.5128	0.5140	0.5878	0.5804	0.6970	0.7052	0.6953	0.6507	0.6347	0.6441	0.6549	0.8167	0.6608	0.7702	0.6301	0.7100	0.8834	0.8571	0.8545	0.8477	0.8592	0.7258	0.6728	0.7045	0.7275	0.6541	0.8150	0.8534	0.8397	0.8657	0.7212	0.9255	0.8771	0.6863	0.7701	0.9792	0.9612	0.9639	0.9628
scavenger-11-60-0	0.6275	0.6069	0.4907	0.6423	0.5998	0.3912	0.4251	0.0000	0.6841	0.7633	0.7974	0.7399	0.5718	0.5476	0.5510	0.5661	0.7021	0.6842	0.7393	0.5869	0.7030	0.6761	0.7085	0.8135	0.7140	0.7848	0.6985	0.6751	0.8626	0.8138	0.8605	0.8493	0.8566	0.6896	0.6619	0.7378	0.7558	0.7161	0.8003	0.8513	0.8293	0.8343	0.7800	0.9070	0.8564	0.7540	0.7590	0.9871	0.9906	0.9914	0.9868
daisy-11-0-0	0.5880	0.5782	0.5772	0.6431	0.5865	0.6674	0.7080	0.6841	0.0000	0.2751	0.3141	0.2871	0.5996	0.5683	0.5059	0.5802	0.5100	0.5004	0.5312	0.5072	0.5434	0.5442	0.5515	0.6947	0.6986	0.7520	0.7209	0.7334	0.7098	0.7916	0.8602	0.8482	0.8452	0.7369	0.6974	0.7394	0.7575	0.6692	0.7415	0.8068	0.7336	0.7458	0.7030	0.8129	0.7683	0.7265	0.7635	0.9724	0.9589	0.9654	0.9644
daisy-11-2-0	0.5938	0.5970	0.6455	0.6851	0.5714	0.7379	0.7584	0.7633	0.2751	0.0000	0.1918	0.2061	0.6680	0.6665	0.5846	0.6207	0.4907	0.5458	0.5628	0.5608	0.6640	0.6715	0.6597	0.7196	0.7669	0.8003	0.8137	0.7621	0.6840	0.7818	0.8866	0.8758	0.8703	0.8076	0.7884	0.7902	0.7932	0.6612	0.7780	0.8428	0.7981	0.8458	0.7183	0.8752	0.7726	0.8079	0.8373	0.9735	0.9575	0.9648	0.9654
daisy-11-7-0	0.6580	0.6470	0.6789	0.7461	0.6213	0.7801	0.8099	0.7974	0.3141	0.1918	0.0000	0.2836	0.7224	0.7135	0.6335	0.6825	0.5507	0.5499	0.5646	0.6233	0.6789	0.6649	0.6698	0.6800	0.7673	0.7913	0.8223	0.7646	0.6206	0.7616	0.8907	0.8816	0.8708	0.8204	0.7958	0.7994	0.8022	0.7115	0.7800	0.8386	0.7941	0.8529	0.7371	0.8729	0.7639	0.8218	0.8338	0.9702	0.9581	0.9660	0.9665
daisy-11-60-0	0.5493	0.5631	0.6108	0.6236	0.5767	0.7156	0.7113	0.7399	0.2871	0.2061	0.2836	0.0000	0.6204	0.6233	0.5416	0.5702	0.4564	0.5006	0.5341	0.5589	0.6395	0.6529	0.6434	0.7293	0.7467	0.7824	0.7839	0.7507	0.7002	0.7985	0.8672	0.8574	0.8518	0.7580	0.7219	0.7587	0.7484	0.6187	0.7744	0.8356	0.7838	0.8151	0.7084	0.8637	0.7800	0.7838	0.8249	0.9570	0.9346	0.9458	0.9456
peacemaker-11-0-0	0.5650	0.5889	0.5613	0.5053	0.6775	0.5476	0.5128	0.5718	0.5996	0.6680	0.7224	0.6204	0.0000	0.1790	0.2977	0.2794	0.5065	0.5566	0.5954	0.4537	0.6714	0.6625	0.6725	0.8125	0.6670	0.7670	0.6506	0.7386	0.8224	0.8659	0.8585	0.8435	0.8581	0.7127	0.6449	0.7242	0.7494	0.6797	0.7769	0.8299	0.8075	0.8141	0.7278	0.8987	0.8508	0.6921	0.6985	0.9830	0.9658	0.9684	0.9653
peacemaker-11-7-0	0.5635	0.5630	0.5370	0.5318	0.6642	0.5162	0.5140	0.5476	0.5683	0.6665	0.7135	0.6233	0.1790	0.0000	0.2627	0.3093	0.5012	0.5374	0.5743	0.4276	0.6334	0.6201	0.6202	0.7957	0.6439	0.7427	0.6168	0.7223	0.8118	0.8590	0.8632	0.8497	0.8630	0.7037	0.6378	0.7060	0.7353	0.6630	0.7755	0.8221	0.7976	0.7974	0.7145	0.8919	0.8487	0.6610	0.6909	0.9808	0.9691	0.9716	0.9704
peacemaker-11-60-0	0.5216	0.5134	0.4713	0.5400	0.5794	0.5245	0.5878	0.5510	0.5059	0.5846	0.6335	0.5416	0.2977	0.2627	0.0000	0.3085	0.3940	0.4138	0.4993	0.3455	0.6025	0.5746	0.6091	0.7247	0.6245	0.7055	0.6509	0.7037	0.7277	0.8040	0.8579	0.8401	0.8504	0.6804	0.6204	0.6795	0.7199	0.6128	0.7191	0.7824	0.7571	0.7916	0.6834	0.8782	0.8049	0.6958	0.6832	0.9788	0.9748	0.9781	0.9737
peacemaker-11-2-0	0.5602	0.5618	0.5167	0.5785	0.6276	0.5803	0.5804	0.5661	0.5802	0.6207	0.6825	0.5702	0.2794	0.3093	0.3085	0.0000	0.4343	0.5079	0.5496	0.3840	0.6745	0.6581	0.6700	0.7959	0.7127	0.7875	0.7258	0.7044	0.7868	0.8405	0.8578	0.8444	0.8570	0.6929	0.6514	0.7168	0.7224	0.6777	0.7692	0.8239	0.7931	0.8029	0.6942	0.8965	0.8328	0.7076	0.7781	0.9845	0.9747	0.9774	0.9745
peacemaker-11-392-1	0.5427	0.5347	0.5670	0.5961	0.5405	0.6620	0.6970	0.7021	0.5100	0.4907	0.5507	0.4564	0.5065	0.5012	0.3940	0.4343	0.0000	0.2562	0.3116	0.3027	0.5948	0.5754	0.5939	0.6743	0.7107	0.7478	0.7486	0.7317	0.5838	0.7968	0.8725	0.8685	0.8600	0.7272	0.6971	0.7441	0.7425	0.6406	0.7516	0.8050	0.7594	0.8014	0.6783	0.8625	0.7558	0.7642	0.7822	0.9878	0.9756	0.9790	0.9764
peacemaker-11-600-0	0.5440	0.5223	0.5640	0.6206	0.5153	0.6522	0.7052	0.6842	0.5004	0.5458	0.5499	0.5006	0.5566	0.5374	0.4138	0.5079	0.2562	0.0000	0.2904	0.3841	0.5717	0.5279	0.5603	0.6337	0.6516	0.7007	0.7217	0.6826	0.5301	0.7564	0.8849	0.8794	0.8711	0.7367	0.6684	0.7250	0.7483	0.6436	0.7074	0.7615	0.7365	0.7826	0.6762	0.8586	0.7545	0.7473	0.7199	0.9899	0.9812	0.9837	0.9815
peacemaker-11-392-3	0.5836	0.5573	0.6379	0.6133	0.5732	0.6548	0.6953	0.7393	0.5312	0.5628	0.5646	0.5341	0.5954	0.5743	0.4993	0.5496	0.3116	0.2904	0.0000	0.4850	0.4923	0.4882	0.4962	0.6131	0.6733	0.7223	0.7000	0.7142	0.5442	0.8050	0.8850	0.8808	0.8773	0.7777	0.7163	0.7734	0.7873	0.6852	0.7308	0.7669	0.7257	0.7813	0.6283	0.8312	0.7363	0.6961	0.7470	0.9864	0.9679	0.9725	0.9716
peacemaker-11-773-0	0.5775	0.5707	0.5164	0.6110	0.5611	0.6168	0.6507	0.5869	0.5072	0.5608	0.6233	0.5589	0.4537	0.4276	0.3455	0.3840	0.3027	0.3841	0.4850	0.0000	0.6209	0.5970	0.6385	0.7501	0.7231	0.7836	0.7356	0.7310	0.7037	0.7960	0.8661	0.8539	0.8554	0.6862	0.6551	0.6986	0.7286	0.6650	0.7530	0.8186	0.7650	0.7792	0.7154	0.8535	0.7928	0.7382	0.7619	0.9872	0.9831	0.9841	0.9803
tigress-11-0-0	0.5803	0.5526	0.6268	0.5785	0.5866	0.5765	0.6347	0.7030	0.5434	0.6640	0.6789	0.6395	0.6714	0.6334	0.6025	0.6745	0.5948	0.5717	0.4923	0.6209	0.0000	0.1847	0.2176	0.4918	0.6409	0.6967	0.6428	0.6970	0.7585	0.8010	0.9085	0.9040	0.9004	0.7921	0.7331	0.7720	0.8135	0.6419	0.7502	0.7854	0.7417	0.7793	0.6204	0.8402	0.7770	0.6520	0.7720	0.9943	0.9905	0.9915	0.9899
tigress-11-7-0	0.5586	0.5263	0.5891	0.5788	0.5669	0.5770	0.6441	0.6761	0.5442	0.6715	0.6649	0.6529	0.6625	0.6201	0.5746	0.6581	0.5754	0.5279	0.4882	0.5970	0.1847	0.0000	0.1937	0.4345	0.6022	0.6493	0.6251	0.6498	0.7158	0.7435	0.8962	0.8906	0.8850	0.7558	0.6916	0.7410	0.7860	0.6420	0.7176	0.7534	0.7116	0.7462	0.6169	0.8102	0.7475	0.6752	0.7455	0.9945	0.9919	0.9927	0.9915
tigress-11-60-0	0.5896	0.5492	0.6418	0.6066	0.5942	0.6150	0.6549	0.7085	0.5515	0.6597	0.6698	0.6434	0.6725	0.6202	0.6091	0.6700	0.5939	0.5603	0.4962	0.6385	0.2176	0.1937	0.0000	0.4644	0.6689	0.7171	0.6846	0.6901	0.7363	0.7993	0.9217	0.9156	0.9157	0.8217	0.7397	0.7911	0.8150	0.6455	0.7492	0.7820	0.7358	0.7457	0.6141	0.8298	0.7647	0.6542	0.7849	0.9945	0.9913	0.9922	0.9900
tigress-11-2-0	0.6689	0.6513	0.7163	0.7461	0.6173	0.7569	0.8167	0.8135	0.6947	0.7196	0.6800	0.7293	0.8125	0.7957	0.7247	0.7959	0.6743	0.6337	0.6131	0.7501	0.4918	0.4345	0.4644	0.0000	0.6836	0.6518	0.7495	0.7109	0.5759	0.6478	0.9358	0.9324	0.9216	0.8409	0.8088	0.8207	0.8554	0.7348	0.7400	0.7567	0.7304	0.8289	0.7510	0.8370	0.7038	0.8301	0.7758	0.9944	0.9938	0.9945	0.9937
halbarad-11-0-0	0.6330	0.6367	0.6331	0.6411	0.6835	0.6022	0.6608	0.7140	0.6986	0.7669	0.7673	0.7467	0.6670	0.6439	0.6245	0.7127	0.7107	0.6516	0.6733	0.7231	0.6409	0.6022	0.6689	0.6836	0.0000	0.2884	0.3077	0.5335	0.7790	0.8246	0.8770	0.8751	0.8654	0.7911	0.7678	0.7682	0.8267	0.7106	0.7059	0.7535	0.7780	0.8563	0.7416	0.9263	0.8127	0.7524	0.6810	0.9705	0.9723	0.9765	0.9744
halbarad-11-2-0	0.6850	0.6942	0.6941	0.7322	0.6989	0.7004	0.7702	0.7848	0.7520	0.8003	0.7913	0.7824	0.7670	0.7427	0.7055	0.7875	0.7478	0.7007	0.7223	0.7836	0.6967	0.6493	0.7171	0.6518	0.2884	0.0000	0.4711	0.5397	0.7588	0.7769	0.9006	0.9003	0.8880	0.8385	0.8145	0.8120	0.8474	0.7256	0.7408	0.7501	0.7712	0.8550	0.7928	0.9176	0.8105	0.8264	0.7187	0.9756	0.9808	0.9843	0.9818
halbarad-11-7-0	0.7066	0.6997	0.6679	0.6152	0.7569	0.5802	0.6301	0.6985	0.7209	0.8137	0.8223	0.7839	0.6506	0.6168	0.6509	0.7258	0.7486	0.7217	0.7000	0.7356	0.6428	0.6251	0.6846	0.7495	0.3077	0.4711	0.0000	0.5663	0.8442	0.8696	0.8684	0.8663	0.8610	0.7718	0.7573	0.7786	0.8437	0.7387	0.7769	0.8105	0.7973	0.8539	0.7716	0.9132	0.8457	0.7278	0.6692	0.9795	0.9744	0.9774	0.9760
halbarad-11-392-0	0.6901	0.6810	0.6660	0.7442	0.6823	0.6901	0.7100	0.6751	0.7334	0.7621	0.7646	0.7507	0.7386	0.7223	0.7037	0.7044	0.7317	0.6826	0.7142	0.7310	0.6970	0.6498	0.6901	0.7109	0.5335	0.5397	0.5663	0.0000	0.7839	0.8129	0.9090	0.9024	0.9051	0.7884	0.7613	0.7892	0.8289	0.7149	0.7656	0.7902	0.7866	0.8361	0.7529	0.8993	0.8165	0.7943	0.7908	0.9911	0.9924	0.9930	0.9904
peacemaker-11-392-2	0.7508	0.7374	0.7701	0.8236	0.6806	0.8469	0.8834	0.8626	0.7098	0.6840	0.6206	0.7002	0.8224	0.8118	0.7277	0.7868	0.5838	0.5301	0.5442	0.7037	0.7585	0.7158	0.7363	0.5759	0.7790	0.7588	0.8442	0.7839	0.0000	0.6917	0.9438	0.9416	0.9287	0.8809	0.8678	0.8698	0.8694	0.8016	0.7849	0.8315	0.7976	0.8618	0.8189	0.8624	0.7404	0.8825	0.7988	0.9904	0.9872	0.9894	0.9891
scavenger-11-2-0	0.7532	0.7422	0.7452	0.8440	0.5908	0.8066	0.8571	0.8138	0.7916	0.7818	0.7616	0.7985	0.8659	0.8590	0.8040	0.8405	0.7968	0.7564	0.8050	0.7960	0.8010	0.7435	0.7993	0.6478	0.8246	0.7769	0.8696	0.8129	0.6917	0.0000	0.9356	0.9275	0.9213	0.8188	0.8108	0.8141	0.8155	0.7968	0.8194	0.8407	0.8256	0.8400	0.8564	0.8465	0.7918	0.9106	0.8620	0.9957	0.9957	0.9962	0.9951
alien-11-392-1	0.8492	0.8423	0.7806	0.8081	0.8934	0.8157	0.8545	0.8605	0.8602	0.8866	0.8907	0.8672	0.8585	0.8632	0.8579	0.8578	0.8725	0.8849	0.8850	0.8661	0.9085	0.8962	0.9217	0.9358	0.8770	0.9006	0.8684	0.9090	0.9438	0.9356	0.0000	0.0963	0.1989	0.5596	0.6810	0.5806	0.5496	0.7784	0.9096	0.9355	0.9247	0.9388	0.9262	0.9598	0.9229	0.9217	0.9097	0.9563	0.7066	0.7560	0.7572
alien-11-392-3	0.8409	0.8346	0.7695	0.7998	0.8841	0.8075	0.8477	0.8493	0.8482	0.8758	0.8816	0.8574	0.8435	0.8497	0.8401	0.8444	0.8685	0.8794	0.8808	0.8539	0.9040	0.8906	0.9156	0.9324	0.8751	0.9003	0.8663	0.9024	0.9416	0.9275	0.0963	0.0000	0.1857	0.5511	0.6544	0.5680	0.5378	0.7716	0.9043	0.9328	0.9222	0.9366	0.9234	0.9584	0.9209	0.9141	0.8981	0.9544	0.6726	0.7282	0.7250
alien-11-392-2	0.8312	0.8243	0.7542	0.7964	0.8767	0.8097	0.8592	0.8566	0.8452	0.8703	0.8708	0.8518	0.8581	0.8630	0.8504	0.8570	0.8600	0.8711	0.8773	0.8554	0.9004	0.8850	0.9157	0.9216	0.8654	0.8880	0.8610	0.9051	0.9287	0.9213	0.1989	0.1857	0.0000	0.4938	0.6251	0.5140	0.4823	0.7555	0.8954	0.9265	0.9171	0.9356	0.9204	0.9579	0.9083	0.9198	0.8927	0.9474	0.7692	0.8139	0.8127
alien-11-600-0	0.6606	0.6422	0.5419	0.6338	0.7284	0.6668	0.7258	0.6896	0.7369	0.8076	0.8204	0.7580	0.7127	0.7037	0.6804	0.6929	0.7272	0.7367	0.7777	0.6862	0.7921	0.7558	0.8217	0.8409	0.7911	0.8385	0.7718	0.7884	0.8809	0.8188	0.5596	0.5511	0.4938	0.0000	0.2862	0.2915	0.4151	0.6157	0.8267	0.8744	0.8371	0.8323	0.8372	0.8827	0.8553	0.8583	0.8260	0.9505	0.8503	0.8761	0.8749
alien-11-637-0	0.6218	0.5872	0.5273	0.5753	0.7037	0.6390	0.6728	0.6619	0.6974	0.7884	0.7958	0.7219	0.6449	0.6378	0.6204	0.6514	0.6971	0.6684	0.7163	0.6551	0.7331	0.6916	0.7397	0.8088	0.7678	0.8145	0.7573	0.7613	0.8678	0.8108	0.6810	0.6544	0.6251	0.2862	0.0000	0.2894	0.3997	0.5531	0.7959	0.8592	0.8059	0.8103	0.7768	0.8701	0.8295	0.8083	0.7854	0.9498	0.9143	0.9281	0.9209
alien-11-630-0	0.6297	0.6004	0.5704	0.6089	0.7260	0.6986	0.7045	0.7378	0.7394	0.7902	0.7994	0.7587	0.7242	0.7060	0.6795	0.7168	0.7441	0.7250	0.7734	0.6986	0.7720	0.7410	0.7911	0.8207	0.7682	0.8120	0.7786	0.7892	0.8698	0.8141	0.5806	0.5680	0.5140	0.2915	0.2894	0.0000	0.2676	0.5073	0.7989	0.8615	0.8305	0.8594	0.7862	0.9085	0.8497	0.8296	0.8174	0.9533	0.8345	0.8635	0.8638
alien-11-632-0	0.6387	0.6139	0.6150	0.6901	0.7233	0.7348	0.7275	0.7558	0.7575	0.7932	0.8022	0.7484	0.7494	0.7353	0.7199	0.7224	0.7425	0.7483	0.7873	0.7286	0.8135	0.7860	0.8150	0.8554	0.8267	0.8474	0.8437	0.8289	0.8694	0.8155	0.5496	0.5378	0.4823	0.4151	0.3997	0.2676	0.0000	0.5770	0.8236	0.8668	0.8365	0.8532	0.7868	0.8996	0.8659	0.8422	0.8721	0.9477	0.7844	0.8221	0.8233
alien-11-773-0	0.5636	0.5586	0.6020	0.6160	0.6267	0.6547	0.6541	0.7161	0.6692	0.6612	0.7115	0.6187	0.6797	0.6630	0.6128	0.6777	0.6406	0.6436	0.6852	0.6650	0.6419	0.6420	0.6455	0.7348	0.7106	0.7256	0.7387	0.7149	0.8016	0.7968	0.7784	0.7716	0.7555	0.6157	0.5531	0.5073	0.5770	0.0000	0.8003	0.8689	0.8268	0.8678	0.7304	0.9159	0.8221	0.8080	0.8393	0.9532	0.8896	0.9086	0.9089
bugkiller-11-0-0	0.7136	0.7133	0.6998	0.7630	0.7272	0.7729	0.8150	0.8003	0.7415	0.7780	0.7800	0.7744	0.7769	0.7755	0.7191	0.7692	0.7516	0.7074	0.7308	0.7530	0.7502	0.7176	0.7492	0.7400	0.7059	0.7408	0.7769	0.7656	0.7849	0.8194	0.9096	0.9043	0.8954	0.8267	0.7959	0.7989	0.8236	0.8003	0.0000	0.1988	0.2370	0.3803	0.3395	0.4403	0.3301	0.4539	0.5673	0.9858	0.9853	0.9873	0.9866
bugkiller-11-60-0	0.7613	0.7553	0.7705	0.8164	0.7753	0.8170	0.8534	0.8513	0.8068	0.8428	0.8386	0.8356	0.8299	0.8221	0.7824	0.8239	0.8050	0.7615	0.7669	0.8186	0.7854	0.7534	0.7820	0.7567	0.7535	0.7501	0.8105	0.7902	0.8315	0.8407	0.9355	0.9328	0.9265	0.8744	0.8592	0.8615	0.8668	0.8689	0.1988	0.0000	0.2211	0.3033	0.3614	0.4238	0.3817	0.4574	0.6177	0.9918	0.9896	0.9908	0.9905
bugkiller-11-392-2	0.7548	0.7504	0.7479	0.7966	0.7584	0.8140	0.8397	0.8293	0.7336	0.7981	0.7941	0.7838	0.8075	0.7976	0.7571	0.7931	0.7594	0.7365	0.7257	0.7650	0.7417	0.7116	0.7358	0.7304	0.7780	0.7712	0.7973	0.7866	0.7976	0.8256	0.9247	0.9222	0.9171	0.8371	0.8059	0.8305	0.8365	0.8268	0.2370	0.2211	0.0000	0.2401	0.3219	0.3196	0.3205	0.4545	0.6677	0.9844	0.9851	0.9872	0.9863
bugkiller-11-392-1	0.8265	0.8233	0.7968	0.8466	0.8231	0.8511	0.8657	0.8343	0.7458	0.8458	0.8529	0.8151	0.8141	0.7974	0.7916	0.8029	0.8014	0.7826	0.7813	0.7792	0.7793	0.7462	0.7457	0.8289	0.8563	0.8550	0.8539	0.8361	0.8618	0.8400	0.9388	0.9366	0.9356	0.8323	0.8103	0.8594	0.8532	0.8678	0.3803	0.3033	0.2401	0.0000	0.4424	0.3580	0.4468	0.3975	0.7461	0.9959	0.9958	0.9957	0.9942
bugkiller-11-773-0	0.6389	0.6149	0.6741	0.6548	0.6762	0.6884	0.7212	0.7800	0.7030	0.7183	0.7371	0.7084	0.7278	0.7145	0.6834	0.6942	0.6783	0.6762	0.6283	0.7154	0.6204	0.6169	0.6141	0.7510	0.7416	0.7928	0.7716	0.7529	0.8189	0.8564	0.9262	0.9234	0.9204	0.8372	0.7768	0.7862	0.7868	0.7304	0.3395	0.3614	0.3219	0.4424	0.0000	0.5315	0.4371	0.3850	0.6763	0.9841	0.9815	0.9837	0.9833
bugkiller-11-392-3	0.8974	0.8911	0.8846	0.9139	0.8804	0.9201	0.9255	0.9070	0.8129	0.8752	0.8729	0.8637	0.8987	0.8919	0.8782	0.8965	0.8625	0.8586	0.8312	0.8535	0.8402	0.8102	0.8298	0.8370	0.9263	0.9176	0.9132	0.8993	0.8624	0.8465	0.9598	0.9584	0.9579	0.8827	0.8701	0.9085	0.8996	0.9159	0.4403	0.4238	0.3196	0.3580	0.5315	0.0000	0.3175	0.6449	0.8093	0.9983	0.9982	0.9977	0.9971
bugkiller-11-600-0	0.7794	0.7714	0.7835	0.8214	0.7442	0.8446	0.8771	0.8564	0.7683	0.7726	0.7639	0.7800	0.8508	0.8487	0.8049	0.8328	0.7558	0.7545	0.7363	0.7928	0.7770	0.7475	0.7647	0.7038	0.8127	0.8105	0.8457	0.8165	0.7404	0.7918	0.9229	0.9209	0.9083	0.8553	0.8295	0.8497	0.8659	0.8221	0.3301	0.3817	0.3205	0.4468	0.4371	0.3175	0.0000	0.6085	0.7014	0.9918	0.9923	0.9932	0.9927
bugkiller-11-7-0	0.7287	0.7098	0.7195	0.6893	0.7864	0.6879	0.6863	0.7540	0.7265	0.8079	0.8218	0.7838	0.6921	0.6610	0.6958	0.7076	0.7642	0.7473	0.6961	0.7382	0.6520	0.6752	0.6542	0.8301	0.7524	0.8264	0.7278	0.7943	0.8825	0.9106	0.9217	0.9141	0.9198	0.8583	0.8083	0.8296	0.8422	0.8080	0.4539	0.4574	0.4545	0.3975	0.3850	0.6449	0.6085	0.0000	0.6614	0.9890	0.9831	0.9847	0.9830
bugkiller-11-2-0	0.7679	0.7685	0.7212	0.7378	0.7763	0.7260	0.7701	0.7590	0.7635	0.8373	0.8338	0.8249	0.6985	0.6909	0.6832	0.7781	0.7822	0.7199	0.7470	0.7619	0.7720	0.7455	0.7849	0.7758	0.6810	0.7187	0.6692	0.7908	0.7988	0.8620	0.9097	0.8981	0.8927	0.8260	0.7854	0.8174	0.8721	0.8393	0.5673	0.6177	0.6677	0.7461	0.6763	0.8093	0.7014	0.6614	0.0000	0.9899	0.9844	0.9863	0.9860
alien-11-376-0	0.9551	0.9614	0.9695	0.9674	0.9766	0.9882	0.9792	0.9871	0.9724	0.9735	0.9702	0.9570	0.9830	0.9808	0.9788	0.9845	0.9878	0.9899	0.9864	0.9872	0.9943	0.9945	0.9945	0.9944	0.9705	0.9756	0.9795	0.9911	0.9904	0.9957	0.9563	0.9544	0.9474	0.9505	0.9498	0.9533	0.9477	0.9532	0.9858	0.9918	0.9844	0.9959	0.9841	0.9983	0.9918	0.9890	0.9899	0.0000	0.9398	0.9537	0.9546
alien-11-377-0	0.9406	0.9443	0.9608	0.9292	0.9844	0.9802	0.9612	0.9906	0.9589	0.9575	0.9581	0.9346	0.9658	0.9691	0.9748	0.9747	0.9756	0.9812	0.9679	0.9831	0.9905	0.9919	0.9913	0.9938	0.9723	0.9808	0.9744	0.9924	0.9872	0.9957	0.7066	0.6726	0.7692	0.8503	0.9143	0.8345	0.7844	0.8896	0.9853	0.9896	0.9851	0.9958	0.9815	0.9982	0.9923	0.9831	0.9844	0.9398	0.0000	0.1779	0.2023
alien-11-378-0	0.9505	0.9539	0.9669	0.9366	0.9870	0.9814	0.9639	0.9914	0.9654	0.9648	0.9660	0.9458	0.9684	0.9716	0.9781	0.9774	0.9790	0.9837	0.9725	0.9841	0.9915	0.9927	0.9922	0.9945	0.9765	0.9843	0.9774	0.9930	0.9894	0.9962	0.7560	0.7282	0.8139	0.8761	0.9281	0.8635	0.8221	0.9086	0.9873	0.9908	0.9872	0.9957	0.9837	0.9977	0.9932	0.9847	0.9863	0.9537	0.1779	0.0000	0.0852
alien-11-380-0	0.9482	0.9514	0.9655	0.9363	0.9847	0.9773	0.9628	0.9868	0.9644	0.9654	0.9665	0.9456	0.9653	0.9704	0.9737	0.9745	0.9764	0.9815	0.9716	0.9803	0.9899	0.9915	0.9900	0.9937	0.9744	0.9818	0.9760	0.9904	0.9891	0.9951	0.7572	0.7250	0.8127	0.8749	0.9209	0.8638	0.8233	0.9089	0.9866	0.9905	0.9863	0.9942	0.9833	0.9971	0.9927	0.9830	0.9860	0.9546	0.2023	0.0852	0.0000
