Acidaminococcaceae	Acidobacteriaceae	Actinomycetaceae	Actinomycetales_noname	Aerococcaceae	Bacillaceae	Bacillales_noname	Bacteroidaceae	Bacteroidales_noname	Bifidobacteriaceae	Brevibacteriaceae	Burkholderiaceae	Burkholderiales_noname	Candidatus_Saccharibacteria_noname	Carnobacteriaceae	Clostridiaceae	Clostridiales_Family_XI_Incertae_Sedis	Clostridiales_Family_XIII_Incertae_Sedis	Clostridiales_noname	Comamonadaceae	Coriobacteriaceae	Corynebacteriaceae	Debaryomycetaceae	Deinococcaceae	Dermatophilaceae	Desulfovibrionaceae	Enterobacteriaceae	Enterococcaceae	Erysipelotrichaceae	Eubacteriaceae	Flavobacteriaceae	Gallionellaceae	Geminiviridae	Lachnospiraceae	Lactobacillaceae	Leuconostocaceae	Methanobacteriaceae	Micrococcaceae	Neisseriaceae	Oscillospiraceae	Pasteurellaceae	Peptostreptococcaceae	Porphyromonadaceae	Prevotellaceae	Propionibacteriaceae	Pseudomonadaceae	Rikenellaceae	Ruminococcaceae	Saccharomycetaceae	Siphoviridae	Sphingobacteriaceae	Streptococcaceae	Sutterellaceae	Synergistaceae	Veillonellaceae	Verrucomicrobiaceae
alien-11-0-0	0	0	0.00961	0	0	0	0.00307	16.0753	0	0	0	0	1.07505	0	0.03013	0.03058	0	0	0.00894	0.00487	2.07633	0.00112	0.05967	0	0.02402	0	3.08437	0	0.04611	26.49716	0	0	0	14.60242	0.08649	0	0	0.00818	0	0.10386	0.12327	0.12453	5.37103	0	0.28404	0	4.24716	23.6735	0.34506	0.10252	0	1.00903	0.46731	0	0.42527	0
alien-11-60-0	0	0	0.0258	0	0	0	0.0048	6.73458	0	5.10963	0	0	0.36916	0.00098	0.03228	0.00326	0	0.00452	0.00532	0.00498	1.93452	0.00358	0	0	0	0	0.36069	0	0.04184	29.21124	0	0	0	19.87657	0.36056	0.00025	0	0.03794	0	0.06047	0.01022	0.28407	2.45168	0	0.04715	0	0.90535	31.6156	0.00896	0.10865	0	0.17182	0.19057	0	0.02252	0.00046
alien-11-7-0	0	0	8e-04	0	0	0	0	20.87949	0	0	0	0	1.10803	0	0	0.15557	0	0	0.01917	0.0025	1.41456	0	0	0	0.00762	0	0.20306	0	0.08179	11.77699	0	0	0	14.62673	0.15	0	0	0.02326	0	0.14708	0.01065	0.09297	5.06941	0	0.03878	0	7.15793	35.49091	0	0.93141	0	0.06538	0.51018	0	0.03574	0
bugkiller-11-0-0	0	0	0.02531	0	0	0	0.00074	30.09167	0.44298	5.0793	0	0	0	0	0.03085	0.36736	0	0.00184	0.03768	0	9.03354	0	0	0	0	0.82063	0.60928	0	0.08113	5.93544	0	0	0	8.83261	0	0	0	0	0	0.25934	0.01247	0	2.32058	7.29002	0.06061	0.47699	0.28059	22.02625	0	0	0	0.44476	5.15244	0	0.28559	0
bugkiller-11-60-0	0	0	0.03578	0	0	0.04949	0.00034	26.86887	0.14403	12.70108	0	0	0	0	0.00874	0.07359	0	0.00753	0	0.00207	8.59028	0	0	0	0	0.00255	0.65792	0	0.00064	5.20662	0	0	0	7.21445	0	0	0	0	0	0.01808	0	0	0.88222	10.89526	0	0	0.03015	20.26941	0	0	0	0.41998	5.76973	0	0.15119	0
bugkiller-11-7-0	0	0	0.00358	0	0	0	0	31.3303	0.11144	7.03948	0	0	0	0	0.00565	0.1561	0	0	0.00751	0	4.55232	0	2e-04	0	0	0.05518	0.02472	0	0.00792	17.34451	0.00615	0	0	7.86363	0.08273	0.00056	0	0	0	0.07113	0.00648	0.01613	1.29493	8.46406	0	0	0.03361	16.85345	0	0	0	0.33323	4.23866	0	0.06952	0.02684
daisy-11-0-0	3.8687	0	0.00089	0	0	0	0	39.8158	0	6.41486	0	0	0.06315	0	0.00555	0.46758	0	0.00085	0.08988	0	1.6772	0	0	0	0	0.79942	0.00193	0	0.12026	16.0554	0	0	0	5.41457	0	0	0	3e-04	0	0.48026	0	0.00399	3.01924	0.01175	0	0	0.31337	20.39817	0	0	0	0.22759	0.0843	0	0.00886	0.65613
daisy-11-60-0	2.89492	0	0	0	0	0	0.00062	56.03744	0	4.36026	0	0	0.08021	0	0.00575	0.65736	0	0	0.07801	0	0.61513	0	0.00479	0.00223	0	0.61074	0	0	0.07324	5.7722	0	0	0	8.47644	0.00307	0	0	0.0031	0	0.48354	0.00129	0.02353	6.884	0.0051	0	0	0.10853	9.79848	0.01305	0	0	0.66032	0.12124	0	0.02095	2.20446
daisy-11-7-0	3.2668	0	0.00157	0	0	0	0.0103	68.33281	0	1.71179	0	0	0.06877	0	0.02221	1.44775	0	0.00432	0.07945	0	0.35516	0	0	0	0	0.54734	0	0	0.04962	5.77287	0.00493	0	0	6.31436	0	0	0	0.03101	0.00969	0.36619	0.0829	0.01426	4.22665	0.08727	0	0	0.08928	6.30408	0	0.00607	0	0.51325	0.1244	0	0.10861	0.0463
halbarad-11-0-0	0	0	0.00345	0.0212	0	0	0	16.91595	1.59457	6.51099	0	0	0.01162	0	0.0071	0.22657	0	0.00155	0.08004	0.0013	1.2066	0	0	0	0	0.39196	0.17495	0	0.08162	2.06793	0	0	0	5.83131	0	0	0.0474	0.00403	0	2.35658	0.00159	0.01535	3.65564	0.44431	0	0.01885	18.22596	31.35365	0	0	0.00445	0.7456	1.24875	0.06588	0.60381	6.07943
halbarad-11-7-0	0	0	0.00383	0.00559	0	0	0	3.64459	3.59288	7.49516	0.00349	0	0.02794	0	0.00036	0.56549	0	0	0.13377	0	1.31377	0	0	0	0	1.31358	0.0873	0	0.07422	4.42325	0	0	0	6.40686	0.01851	0	0.00727	0.00664	0	2.80837	0.00073	0.00756	2.42528	0.65501	0	0	12.81782	33.46544	0	0	0	0.04241	3.49517	0.2638	0.25065	14.64325
peacemaker-11-0-0	0	0	0.01349	0	0.00025	0	0.00206	17.48862	1.18682	16.95957	0	0	0.0027	0	0.01176	0.07847	0	0.0015	0.04479	0.00337	2.23171	0	0	0	0	0.34898	0.00651	0	0.06418	9.97949	0	0.00224	0.01119	13.80466	9e-04	0	0	0.01233	0	0.14264	0.02399	0.01511	1.39579	0.03386	0.01003	0	6.2524	24.54415	0.03833	0.00058	0	0.15778	1.46887	0	3.66086	0
peacemaker-11-60-0	0	0	0.01548	0	0	0	9e-05	18.10723	0.65448	9.38515	0	0	0.00026	0	0.00907	0.07889	0	0.00972	0.02195	0.0014	1.84953	0	0	0	0	0.31429	0.47994	0	0.04204	7.4224	0.00251	0	0	16.5577	0.16171	0.00279	0	0.00544	0	0.12013	0	0.03068	1.22546	0.00019	0.00889	0	4.35236	32.78681	0.03772	0	0	0.6055	1.66438	0	4.0454	0.00041
peacemaker-11-7-0	0	0	0.00206	0	0	0	0	13.87496	1.43826	20.93592	0	0.00901	0.0054	0	0.00132	0.01585	0	0.00065	0.07554	0	2.03094	0	0	0	0	0.18271	0.04358	0.02241	0.07662	10.86881	0.00124	0	0	10.92569	0.28611	0	0	0.00151	0	0.26714	0.00321	0.04107	1.73057	0	0.01168	0.00255	4.99914	26.96158	0	0.40552	0	0.11806	1.65506	0	3.00196	0.00386
scavenger-11-0-0	0.03804	0.00117	0.00325	0	0	0	0	9.92869	0.00921	2.03158	0	0	0.0069	0	0.00128	0.12914	0	0	0.06213	0	1.04627	0	0	0	0	0.02948	0.33678	0	0.04913	28.18465	0	0	0	15.98386	0	0	0.00117	0.00427	0	0.40985	0.76919	0	2.5833	0.02911	0.00453	0.00395	6.11832	29.48052	0	0	0	0.03713	0.00365	0	2.61969	0.09378
scavenger-11-60-0	0	0	0.00773	0	0	0	0	8.30639	0	20.44421	0	0	0	0	0.0167	0.00087	0	0	0.00184	0.00164	0.39727	0	0	0	0	0	0.04595	0.01007	0.00899	38.87035	0	0	0	10.32427	0.35127	0.0175	0	0.00185	0	0.03809	0.13171	0.01596	0.41764	0	0	0.02445	0.46399	19.12234	0.00264	0	0	0.41951	0.00051	0	0.55233	0.00393
scavenger-11-7-0	0.00042	0	0.00064	0	0	0	0	17.35034	0.00156	3.23719	0	0	0	0	0.00124	0.04609	0	0	0.11992	0	0.39704	0	0	0	0.006	0	0.11372	0	0.04963	28.7085	0	0	0	9.31054	0.11777	0	0	0.00148	0	0.29089	0.05316	0.01219	4.49744	0.00061	0.00018	0	4.34495	24.5235	0	0.0019	0	0.06375	0	0	6.74938	0
tigress-11-0-0	0.00283	0	0.00031	0	0	0	0.00612	25.24902	0	0.59291	0	0	0	0.00147	0.01753	0.09545	0.00092	0	0.0169	0	0.07456	0	0	0	0	0.15944	0	0	0.0631	21.61498	0	0	0	6.5967	0.03847	0	0	0.0071	0	0.90481	0.07533	0	4.18573	0.00443	0	0	15.16207	24.72692	0	0	0.00889	0.27288	0.02982	0	0.09131	0
tigress-11-60-0	0	0	0.00245	0	0	0	0.00175	27.29874	0	0.44232	0	0	0	0.00476	0.01622	0.11328	0	0	0.0182	0.00282	0.12392	0	0	0	0	0.26389	0	0	0.05544	31.37389	0	0	0	6.39973	0	0	0	0.01395	0	0.30937	0.07273	0	2.80233	0.00737	0	0	15.15496	15.1514	0.00468	0.01454	0	0.17719	0.01335	0	0.16073	0
tigress-11-7-0	0	0	0.00046	0	0	0	0.00344	22.31776	0	2.83578	0	0	0	0	0.02029	0.06879	0	0	0.0191	0	0.0757	0	0	0.00345	0	0.26072	0.0479	0	0.07466	22.0149	0	0	0	6.08075	0	0	0	0.00579	0	0.48288	0.89568	0.00911	4.15929	0.01337	0	0	13.30666	26.26758	0.001	0	0	0.86767	0.03273	0	0.13453	0
